  -1.5702940e+02  -1.4963150e+02   2.0183000e+00
  -1.1180150e+02  -1.6334310e+02   1.9771000e+00
  -5.2301300e+01  -1.6313560e+02   1.5923000e+00
   9.9054000e+00  -1.6277540e+02   1.2355000e+00
   6.9677600e+01  -1.6212690e+02   8.6120000e-01
   1.2939780e+02  -1.6119380e+02   5.9780000e-01
  -1.7087340e+02  -1.0398830e+02   2.0784000e+00
  -1.1301590e+02  -1.0363120e+02   1.8723000e+00
  -5.3794100e+01  -1.0262940e+02   1.5667000e+00
   6.4826000e+00  -1.0226030e+02   1.0522000e+00
   6.6534800e+01  -1.0127840e+02   5.8870000e-01
   1.2693720e+02  -1.0057920e+02   1.2290000e-01
  -1.7225840e+02  -4.4034700e+01   1.6772000e+00
  -1.1343320e+02  -4.3466600e+01   1.4072000e+00
  -5.3982800e+01  -4.2989200e+01   1.0536000e+00
   6.2397000e+00  -4.2321100e+01   7.5000000e-01
   6.5196900e+01  -4.2291500e+01   3.4240000e-01
   1.2560710e+02  -4.0737100e+01  -3.0520000e-01
  -1.7224060e+02   1.7138800e+01   1.2297000e+00
  -1.1368380e+02   1.7422600e+01   9.2200000e-01
  -5.4050600e+01   1.7521100e+01   6.4070000e-01
   6.0383000e+00   1.7578500e+01   2.0660000e-01
   6.5686000e+01   1.9245100e+01  -1.8060000e-01
   1.2587110e+02   1.9314600e+01  -7.0450000e-01
  -1.7237580e+02   7.7276900e+01   9.2290000e-01
  -1.1255520e+02   7.7475300e+01   5.2810000e-01
  -5.2749200e+01   7.7998500e+01   1.2900000e-01
   7.3773000e+00   7.8512800e+01  -2.3800000e-01
   6.5958800e+01   7.8875500e+01  -6.4560000e-01
   1.2630720e+02   7.9331900e+01  -1.2052000e+00
  -1.7416980e+02   1.3744860e+02   5.2580000e-01
  -1.1576720e+02   1.3743300e+02   1.2980000e-01
  -5.5684400e+01   1.3872100e+02  -1.8540000e-01
   5.6066000e+00   1.3910550e+02  -6.1290000e-01
   6.5769300e+01   1.3879430e+02  -1.0795000e+00
   1.2544900e+02   1.4021340e+02  -1.6255000e+00
